years <- 1990:2009
years